function [J] = ipoptJacobianStructure(var)
%IPOPTJACOBIANSTRUCTURE
%
% Auto-generated by COALESCE package (08-Nov-2016 09:57:13)
%
% Copyright 2013-2014 Mikhail S. Jones

	iJ = [1:1:20,1:1:20,1:1:20,1:1:20,1:1:20,1:1:20,1:1:20,1:1:20,1:1:20,1:1:20,21:1:40,21:1:40,21:1:40,21:1:40,21:1:40,21:1:40,21:1:40,21:1:40,21:1:40,21:1:40,41:1:60,41:1:60,41:1:60,41:1:60,41:1:60,41:1:60,41:1:60,41:1:60,41:1:60,41:1:60,41:1:60,41:1:60,41:1:60,41:1:60,41:1:60,41:1:60,41:1:60,61:1:80,61:1:80,61:1:80,61:1:80,61:1:80,61:1:80,61:1:80,61:1:80,61:1:80,61:1:80,61:1:80,61:1:80,61:1:80,61:1:80,61:1:80,61:1:80,61:1:80,81:1:100,81:1:100,81:1:100,81:1:100,81:1:100,81:1:100,81:1:100,81:1:100,81:1:100,81:1:100,81:1:100,81:1:100,81:1:100,81:1:100,81:1:100,81:1:100,81:1:100,81:1:100,81:1:100,101:1:120,101:1:120,101:1:120,101:1:120,101:1:120,101:1:120,101:1:120,101:1:120,101:1:120,101:1:120,101:1:120,101:1:120,101:1:120,121:1:140,121:1:140,121:1:140,121:1:140,121:1:140,121:1:140,121:1:140,121:1:140,121:1:140,121:1:140,121:1:140,121:1:140,121:1:140,141:1:160,141:1:160,141:1:160,141:1:160,141:1:160,141:1:160,141:1:160,141:1:160,141:1:160,141:1:160,141:1:160,161:1:180,161:1:180,161:1:180,161:1:180,161:1:180,161:1:180,161:1:180,161:1:180,161:1:180,161:1:180,161:1:180,181:1:199,181:1:199,181:1:199,181:1:199,181:1:199,200:1:218,200:1:218,200:1:218,200:1:218,200:1:218,219:1:237,219:1:237,219:1:237,219:1:237,219:1:237,238:1:256,238:1:256,238:1:256,238:1:256,238:1:256,257:1:275,257:1:275,257:1:275,257:1:275,257:1:275,276:1:294,276:1:294,276:1:294,276:1:294,276:1:294,295:1:313,295:1:313,295:1:313,295:1:313,295:1:313,314:1:332,314:1:332,314:1:332,314:1:332,314:1:332,333:1:351,333:1:351,333:1:351,333:1:351,333:1:351,352:1:370,352:1:370,352:1:370,352:1:370,352:1:370,371:1:389,371:1:389,371:1:389,371:1:389,371:1:389,390:1:408,390:1:408,390:1:408,390:1:408,390:1:408,409:1:427,409:1:427,409:1:427,409:1:427,409:1:427,428:1:446,428:1:446,428:1:446,428:1:446,428:1:446,447:1:466,447:1:466,447:1:466,447:1:466,447:1:466,447:1:466,447:1:466,447:1:466,447:1:466,447:1:466,467:1:486,467:1:486,467:1:486,467:1:486,467:1:486,467:1:486,467:1:486,467:1:486,467:1:486,467:1:486,487:1:506,487:1:506,487:1:506,487:1:506,487:1:506,487:1:506,487:1:506,487:1:506,487:1:506,487:1:506,487:1:506,487:1:506,487:1:506,487:1:506,487:1:506,487:1:506,487:1:506,507:1:526,507:1:526,507:1:526,507:1:526,507:1:526,507:1:526,507:1:526,507:1:526,507:1:526,507:1:526,507:1:526,507:1:526,507:1:526,507:1:526,507:1:526,507:1:526,507:1:526,527:1:546,527:1:546,527:1:546,527:1:546,527:1:546,527:1:546,527:1:546,527:1:546,527:1:546,527:1:546,527:1:546,527:1:546,527:1:546,527:1:546,527:1:546,527:1:546,527:1:546,527:1:546,527:1:546,547:1:566,547:1:566,547:1:566,547:1:566,547:1:566,547:1:566,547:1:566,547:1:566,547:1:566,547:1:566,547:1:566,547:1:566,547:1:566,567:1:586,567:1:586,567:1:586,567:1:586,567:1:586,567:1:586,567:1:586,567:1:586,567:1:586,567:1:586,567:1:586,567:1:586,567:1:586,587:1:606,587:1:606,587:1:606,587:1:606,587:1:606,587:1:606,587:1:606,587:1:606,587:1:606,587:1:606,587:1:606,607:1:626,607:1:626,607:1:626,607:1:626,607:1:626,607:1:626,607:1:626,607:1:626,607:1:626,607:1:626,607:1:626,627:1:645,627:1:645,627:1:645,627:1:645,627:1:645,646:1:664,646:1:664,646:1:664,646:1:664,646:1:664,665:1:683,665:1:683,665:1:683,665:1:683,665:1:683,684:1:702,684:1:702,684:1:702,684:1:702,684:1:702,703:1:721,703:1:721,703:1:721,703:1:721,703:1:721,722:1:740,722:1:740,722:1:740,722:1:740,722:1:740,741:1:759,741:1:759,741:1:759,741:1:759,741:1:759,760:1:778,760:1:778,760:1:778,760:1:778,760:1:778,779:1:797,779:1:797,779:1:797,779:1:797,779:1:797,798:1:816,798:1:816,798:1:816,798:1:816,798:1:816,817:1:835,817:1:835,817:1:835,817:1:835,817:1:835,836:1:854,836:1:854,836:1:854,836:1:854,836:1:854,855:1:873,855:1:873,855:1:873,855:1:873,855:1:873,874:1:892,874:1:892,874:1:892,874:1:892,874:1:892,893,893,893,893,893,893,894,894,894,894,894,894,895:1:914,895:1:914,915:1:934,935:1:954,955:1:974,955:1:974,975,975,975,975,975,976:1:995,996:1:1015,1016:1:1035,1036:1:1055,1056:1:1075,1076:1:1095,1096:1:1115,1116,1116,1116,1116,1116,1116,1116,1116,1116,1116,1116,1116,1116,1116,1116,1116,1116,1116,1117,1117,1117,1117,1117,1117,1117,1117,1117,1117,1117,1117,1117,1117,1117,1117,1117,1117,1118,1118,1118,1118,1118,1118,1118,1118,1118,1118,1118,1118,1118,1118,1118,1118,1118,1118,1118,1118,1118,1119,1119,1119,1119,1119,1119,1119,1119,1119,1119,1119,1119,1119,1120,1120,1120,1120,1120,1120,1120,1120,1120,1120,1120,1120,1120,1121,1121,1121,1121,1121,1121,1121,1121,1121,1121,1121,1121,1121,1121,1121,1122,1122,1122,1122,1122,1122,1122,1122,1122,1122,1122,1122,1122,1122,1122,1123,1123,1123,1123,1123,1123,1123,1124,1124,1124,1124,1124,1124,1124,1125,1126,1126,1126,1126,1126,1126,1126,1127,1127,1127,1127,1128,1128,1128,1128,1129,1129,1129,1129,1129,1129,1129,1130,1130,1130,1130,1130,1130,1130,1131,1131,1131,1131,1132,1132,1132,1132,1133:1:1152,1153:1:1172,1153:1:1172,1173:1:1192,1173:1:1192,1193,1193,1193,1193,1194,1194,1194,1194,1195,1195,1195,1195,1196,1196,1196,1196,1196,1196,1197,1197,1197,1197,1197,1197,1198:1:1217,1198:1:1217,1218:1:1237,1238:1:1257,1258:1:1277,1258:1:1277,1278,1278,1278,1278,1278,1279:1:1298,1299:1:1318,1319:1:1338,1339:1:1358,1359:1:1378,1379:1:1398,1399:1:1418,1419,1419,1419,1419,1419,1419,1419,1419,1419,1419,1419,1419,1419,1419,1419,1419,1419,1419,1420,1420,1420,1420,1420,1420,1420,1420,1420,1420,1420,1420,1420,1420,1420,1420,1420,1420,1421,1421,1421,1421,1421,1421,1421,1421,1421,1421,1421,1421,1421,1421,1421,1421,1421,1421,1421,1421,1421,1422,1422,1422,1422,1422,1422,1422,1422,1422,1422,1422,1422,1422,1423,1423,1423,1423,1423,1423,1423,1423,1423,1423,1423,1423,1423,1424,1424,1424,1424,1424,1424,1424,1424,1424,1424,1424,1424,1424,1424,1424,1425,1425,1425,1425,1425,1425,1425,1425,1425,1425,1425,1425,1425,1425,1425,1426,1426,1426,1426,1426,1426,1426,1427,1427,1427,1427,1427,1427,1427,1428,1429,1429,1429,1429,1429,1429,1429,1430,1430,1430,1430,1431,1431,1431,1431,1432,1432,1432,1432,1432,1432,1432,1433,1433,1433,1433,1433,1433,1433,1434:1:1453,1454:1:1473,1454:1:1473,1474:1:1493,1474:1:1493,1494,1494,1495,1495,1496,1496,1497,1497,1498,1498,1499,1499,1500,1500,1501,1501,1502,1502,1503,1503,1504,1504,1505,1505,1506,1506,1507,1507,1508,1508,1509,1509,1510,1510,1511,1511,1512,1512,1513,1513,1514,1514,1515,1515,1516,1516,1517,1517]';
